610.0 531.00
610.0 531.00
610.0 534.00
610.0 533.00
610.0 532.00
610.0 529.00
610.0 532.00
610.0 531.00
610.1 529.00
610.1 528.00
610.1 530.00
610.1 532.00
610.1 529.00
610.1 524.00
610.1 534.00
610.1 528.00
610.2 527.00
610.2 533.00
610.2 534.00
610.2 528.00
610.2 531.00
610.2 529.00
610.2 531.00
610.2 528.00
610.3 535.00
610.3 534.00
610.3 533.00
610.3 533.00
610.3 534.00
610.3 532.00
610.3 535.00
610.3 529.00
610.4 537.00
610.4 533.00
610.4 535.00
610.4 533.00
610.4 536.00
610.4 533.00
610.4 537.00
610.4 532.00
610.5 539.00
610.5 537.00
610.5 537.00
610.5 536.00
610.5 535.00
610.5 531.00
610.5 534.00
610.5 529.00
610.6 537.00
610.6 529.00
610.6 532.00
610.6 530.00
610.6 528.00
610.6 531.00
610.6 532.00
610.6 530.00
610.7 528.00
610.7 524.00
610.7 523.00
610.7 529.00
610.7 527.00
610.7 530.00
610.7 523.00
610.7 523.00
610.8 525.00
610.8 531.00
610.8 524.00
610.8 532.00
610.8 520.00
610.8 527.00
610.8 525.00
610.8 522.00
610.9 526.00
610.9 524.00
610.9 522.00
610.9 528.00
610.9 520.00
610.9 522.00
610.9 524.00
610.9 523.00
611.0 527.00
611.0 526.00
611.0 529.00
611.0 520.00
611.0 521.00
611.0 522.00
611.0 521.00
611.0 524.00
611.1 522.00
611.1 524.00
611.1 523.00
611.1 520.00
611.1 525.00
611.1 523.00
611.1 523.00
611.1 527.00
611.2 525.00
611.2 525.00
611.2 522.00
611.2 520.00
611.2 519.00
611.2 530.00
611.2 526.00
611.2 524.00
611.3 521.00
611.3 524.00
611.3 527.00
611.3 523.00
611.3 521.00
611.3 521.00
611.3 520.00
611.3 523.00
611.4 523.00
611.4 524.00
611.4 522.00
611.4 527.00
611.4 522.00
611.4 522.00
611.4 523.00
611.4 523.00
611.5 519.00
611.5 521.00
611.5 516.00
611.5 522.00
611.5 525.00
611.5 517.00
611.5 523.00
611.5 520.00
611.6 520.00
611.6 523.00
611.6 525.00
611.6 522.00
611.6 523.00
611.6 520.00
611.6 520.00
611.6 521.00
611.7 523.00
611.7 524.00
611.7 524.00
611.7 523.00
611.7 525.00
611.7 518.00
611.7 520.00
611.7 526.00
611.8 525.00
611.8 518.00
611.8 522.00
611.8 522.00
611.8 522.00
611.8 518.00
611.8 523.00
611.8 522.00
611.9 523.00
611.9 522.00
611.9 520.00
611.9 522.00
611.9 521.00
611.9 522.00
611.9 517.00
611.9 522.00
612.0 527.00
612.0 521.00
612.0 517.00
612.0 520.00
612.0 519.00
612.0 524.00
612.0 520.00
612.0 528.00
612.1 525.00
612.1 526.00
612.1 523.00
612.1 522.00
612.1 515.00
612.1 526.00
612.1 520.00
612.1 514.00
612.2 521.00
612.2 519.00
612.2 521.00
612.2 522.00
612.2 523.00
612.2 526.00
612.2 521.00
612.2 521.00
612.3 522.00
612.3 519.00
612.3 523.00
612.3 515.00
612.3 520.00
612.3 522.00
612.3 515.00
612.3 517.00
612.4 523.00
612.4 518.00
612.4 517.00
612.4 525.00
612.4 520.00
612.4 517.00
612.4 518.00
612.4 524.00
612.5 519.00
612.5 522.00
612.5 521.00
612.5 521.00
612.5 519.00
612.5 519.00
612.5 521.00
612.5 520.00
612.6 519.00
612.6 520.00
612.6 524.00
612.6 525.00
612.6 524.00
612.6 520.00
612.6 518.00
612.6 519.00
612.7 521.00
612.7 518.00
612.7 520.00
612.7 527.00
612.7 522.00
612.7 522.00
612.7 523.00
612.7 519.00
612.8 522.00
612.8 525.00
612.8 519.00
612.8 521.00
612.8 519.00
612.8 517.00
612.8 520.00
612.8 520.00
612.9 520.00
612.9 520.00
612.9 521.00
612.9 514.00
612.9 515.00
612.9 517.00
612.9 520.00
612.9 515.00
613.0 519.00
613.0 515.00
613.0 517.00
613.0 520.00
613.0 515.00
613.0 517.00
613.0 516.00
613.0 516.00
613.1 517.00
613.1 520.00
613.1 513.00
613.1 517.00
613.1 518.00
613.1 518.00
613.1 513.00
613.1 517.00
613.2 522.00
613.2 515.00
613.2 519.00
613.2 515.00
613.2 518.00
613.2 520.00
613.2 517.00
613.2 520.00
613.3 516.00
613.3 520.00
613.3 520.00
613.3 512.00
613.3 519.00
613.3 515.00
613.3 518.00
613.3 517.00
613.4 520.00
613.4 516.00
613.4 518.00
613.4 518.00
613.4 514.00
613.4 520.00
613.4 520.00
613.4 513.00
613.5 519.00
613.5 522.00
613.5 518.00
613.5 522.00
613.5 516.00
613.5 514.00
613.5 514.00
613.5 517.00
613.6 520.00
613.6 520.00
613.6 519.00
613.6 517.00
613.6 516.00
613.6 518.00
613.6 517.00
613.6 515.00
613.7 513.00
613.7 515.00
613.7 513.00
613.7 514.00
613.7 513.00
613.7 510.00
613.7 507.00
613.7 514.00
613.8 513.00
613.8 512.00
613.8 514.00
613.8 517.00
613.8 515.00
613.8 518.00
613.8 510.00
613.8 513.00
613.9 515.00
613.9 516.00
613.9 514.00
613.9 518.00
613.9 514.00
613.9 515.00
613.9 514.00
613.9 517.00
614.0 515.00
614.0 520.00
614.0 516.00
614.0 517.00
614.0 518.00
614.0 521.00
614.0 521.00
614.0 522.00
614.1 521.00
614.1 521.00
614.1 521.00
614.1 523.00
614.1 516.00
614.1 522.00
614.1 518.00
614.1 522.00
614.2 518.00
614.2 519.00
614.2 520.00
614.2 521.00
614.2 521.00
614.2 519.00
614.2 519.00
614.2 521.00
614.3 522.00
614.3 516.00
614.3 520.00
614.3 517.00
614.3 519.00
614.3 521.00
614.3 517.00
614.3 519.00
614.4 519.00
614.4 522.00
614.4 529.00
614.4 521.00
614.4 520.00
614.4 521.00
614.4 522.00
614.4 525.00
614.5 529.00
614.5 521.00
614.5 522.00
614.5 522.00
614.5 520.00
614.5 526.00
614.5 520.00
614.5 519.00
614.6 521.00
614.6 523.00
614.6 518.00
614.6 520.00
614.6 520.00
614.6 519.00
614.6 519.00
614.6 518.00
614.7 517.00
614.7 511.00
614.7 517.00
614.7 516.00
614.7 518.00
614.7 521.00
614.7 520.00
614.7 516.00
614.8 518.00
614.8 521.00
614.8 515.00
614.8 513.00
614.8 516.00
614.8 525.00
614.8 515.00
614.8 519.00
614.9 521.00
614.9 522.00
614.9 518.00
614.9 525.00
614.9 527.00
614.9 535.00
614.9 529.00
614.9 542.00
615.0 553.00
615.0 565.00
615.0 580.00
615.0 603.00
615.0 619.00
615.0 644.00
615.0 685.00
615.0 718.00
615.1 732.00
615.1 791.00
615.1 849.00
615.1 939.00
615.1 999.00
615.1 1118.0
615.1 1146.0
615.1 1227.0
615.2 1378.0
615.2 1446.0
615.2 1513.0
615.2 1599.0
615.2 1662.0
615.2 1728.0
615.2 1828.0
615.2 1927.0
615.3 1969.0
615.3 1971.0
615.3 2037.0
615.3 2052.0
615.3 2052.0
615.3 2068.0
615.3 2083.0
615.3 2020.0
615.4 1978.0
615.4 1986.0
615.4 1919.0
615.4 1882.0
615.4 1842.0
615.4 1764.0
615.4 1647.0
615.4 1580.0
615.5 1513.0
615.5 1407.0
615.5 1333.0
615.5 1274.0
615.5 1147.0
615.5 1089.0
615.5 1018.0
615.5 947.00
615.6 864.00
615.6 818.00
615.6 755.00
615.6 705.00
615.6 662.00
615.6 642.00
615.6 629.00
615.6 629.00
615.7 657.00
615.7 652.00
615.7 720.00
615.7 713.00
615.7 816.00
615.7 884.00
615.7 924.00
615.7 1088.0
615.8 1204.0
615.8 1367.0
615.8 1560.0
615.8 1736.0
615.8 1883.0
615.8 2067.0
615.8 2285.0
615.8 2427.0
615.9 2588.0
615.9 2801.0
615.9 2957.0
615.9 3041.0
615.9 3211.0
615.9 3344.0
615.9 3386.0
615.9 3473.0
616.0 3597.0
616.0 3601.0
616.0 3562.0
616.0 3611.0
616.0 3560.0
616.0 3437.0
616.0 3406.0
616.0 3342.0
616.1 3212.0
616.1 3109.0
616.1 2987.0
616.1 2816.0
616.1 2627.0
616.1 2500.0
616.1 2349.0
616.1 2174.0
616.2 1984.0
616.2 1850.0
616.2 1645.0
616.2 1513.0
616.2 1404.0
616.2 1256.0
616.2 1093.0
616.2 1019.0
616.3 895.00
616.3 786.00
616.3 677.00
616.3 640.00
616.3 586.00
616.3 555.00
616.3 539.00
616.3 527.00
616.4 530.00
616.4 522.00
616.4 519.00
616.4 522.00
616.4 517.00
616.4 516.00
616.4 516.00
616.4 517.00
616.5 513.00
616.5 519.00
616.5 517.00
616.5 518.00
616.5 517.00
616.5 512.00
616.5 519.00
616.5 516.00
616.6 515.00
616.6 515.00
616.6 515.00
616.6 512.00
616.6 510.00
616.6 516.00
616.6 519.00
616.6 518.00
616.7 514.00
616.7 513.00
616.7 517.00
616.7 514.00
616.7 518.00
616.7 517.00
616.7 516.00
616.7 515.00
616.8 517.00
616.8 513.00
616.8 515.00
616.8 517.00
616.8 513.00
616.8 508.00
616.8 512.00
616.8 520.00
616.9 515.00
616.9 514.00
616.9 522.00
616.9 515.00
616.9 516.00
616.9 513.00
616.9 517.00
616.9 516.00
617.0 518.00
617.0 519.00
617.0 516.00
617.0 516.00
617.0 519.00
617.0 516.00
617.0 513.00
617.0 519.00
617.1 518.00
617.1 515.00
617.1 511.00
617.1 516.00
617.1 520.00
617.1 522.00
617.1 519.00
617.1 521.00
617.2 516.00
617.2 516.00
617.2 523.00
617.2 519.00
617.2 519.00
617.2 518.00
617.2 519.00
617.2 515.00
617.3 516.00
617.3 523.00
617.3 518.00
617.3 518.00
617.3 523.00
617.3 518.00
617.3 513.00
617.3 517.00
617.4 513.00
617.4 513.00
617.4 522.00
617.4 510.00
617.4 513.00
617.4 506.00
617.4 515.00
617.4 512.00
617.5 513.00
617.5 516.00
617.5 514.00
617.5 507.00
617.5 512.00
617.5 510.00
617.5 510.00
617.5 507.00
617.6 504.00
617.6 507.00
617.6 509.00
617.6 510.00
617.6 506.00
617.6 509.00
617.6 512.00
617.6 508.00
617.7 506.00
617.7 511.00
617.7 508.00
617.7 513.00
617.7 512.00
617.7 506.00
617.7 511.00
617.7 508.00
617.8 508.00
617.8 511.00
617.8 510.00
617.8 506.00
617.8 508.00
617.8 511.00
617.8 511.00
617.8 505.00
617.9 505.00
617.9 512.00
617.9 506.00
617.9 508.00
617.9 509.00
617.9 505.00
617.9 507.00
617.9 506.00
618.0 508.00
618.0 507.00
618.0 507.00
618.0 510.00
618.0 506.00
618.0 506.00
618.0 509.00
618.0 509.00
618.1 507.00
618.1 512.00
618.1 508.00
618.1 511.00
618.1 507.00
618.1 506.00
618.1 510.00
618.1 510.00
618.2 507.00
618.2 505.00
618.2 502.00
618.2 504.00
618.2 506.00
618.2 507.00
618.2 508.00
618.2 510.00
618.3 507.00
618.3 506.00
618.3 510.00
618.3 508.00
618.3 512.00
618.3 510.00
618.3 507.00
618.3 511.00
618.4 510.00
618.4 510.00
618.4 508.00
618.4 511.00
618.4 505.00
618.4 508.00
618.4 513.00
618.4 509.00
618.5 499.00
618.5 506.00
618.5 506.00
618.5 507.00
618.5 507.00
618.5 504.00
618.5 508.00
618.5 509.00
618.6 504.00
618.6 509.00
618.6 511.00
618.6 513.00
618.6 507.00
618.6 507.00
618.6 506.00
618.6 511.00
618.7 502.00
618.7 512.00
618.7 506.00
618.7 508.00
618.7 505.00
618.7 506.00
618.7 509.00
618.7 508.00
618.8 505.00
618.8 504.00
618.8 510.00
618.8 506.00
618.8 505.00
618.8 510.00
618.8 505.00
618.8 507.00
618.9 509.00
618.9 508.00
618.9 508.00
618.9 506.00
618.9 508.00
618.9 507.00
618.9 511.00
618.9 505.00
619.0 506.00
619.0 509.00
619.0 508.00
619.0 506.00
619.0 507.00
619.0 508.00
619.0 507.00
619.0 511.00
619.1 500.00
619.1 508.00
619.1 503.00
619.1 503.00
619.1 504.00
619.1 508.00
619.1 505.00
619.1 508.00
619.2 505.00
619.2 503.00
619.2 510.00
619.2 502.00
619.2 506.00
619.2 507.00
619.2 503.00
619.2 506.00
619.3 506.00
619.3 503.00
619.3 508.00
619.3 504.00
619.3 508.00
619.3 505.00
619.3 508.00
619.3 502.00
619.4 500.00
619.4 504.00
619.4 511.00
619.4 503.00
619.4 503.00
619.4 505.00
619.4 507.00
619.4 505.00
619.5 511.00
619.5 505.00
619.5 502.00
619.5 503.00
619.5 510.00
619.5 503.00
619.5 504.00
619.5 502.00
619.6 509.00
619.6 506.00
619.6 509.00
619.6 508.00
619.6 506.00
619.6 504.00
619.6 504.00
619.6 504.00
619.7 505.00
619.7 503.00
619.7 508.00
619.7 501.00
619.7 505.00
619.7 505.00
619.7 504.00
619.7 499.00
619.8 505.00
619.8 508.00
619.8 505.00
619.8 503.00
619.8 506.00
619.8 506.00
619.8 501.00
619.8 508.00
619.9 507.00
619.9 501.00
619.9 508.00
619.9 507.00
619.9 507.00
619.9 502.00
619.9 507.00
619.9 506.00
620.0 505.00
620.0 0.000
620.0 0.000
620.0 0.000
620.0 0.000
620.0 0.000
620.0 0.000
620.0 0.000
620.1 0.000
620.1 0.000
620.1 0.000
620.1 0.000
620.1 0.000
620.1 0.000
620.1 0.000
620.1 0.000
620.2 0.000
620.2 0.000
620.2 0.000
620.2 0.000
620.2 0.000
620.2 0.000
620.2 0.000
620.2 0.000
620.3 0.000
620.3 0.000
620.3 0.000
620.3 0.000
620.3 0.000
620.3 0.000
620.3 0.000
620.3 0.000
620.4 0.000
620.4 0.000
