560.0 179.00
560.0 176.00
560.0 177.00
560.0 177.00
560.0 178.00
560.0 179.00
560.0 178.00
560.0 177.00
560.1 176.00
560.1 177.00
560.1 176.00
560.1 177.00
560.1 178.00
560.1 177.00
560.1 177.00
560.1 175.00
560.2 176.00
560.2 177.00
560.2 175.00
560.2 178.00
560.2 176.00
560.2 176.00
560.2 177.00
560.2 176.00
560.3 178.00
560.3 175.00
560.3 176.00
560.3 176.00
560.3 175.00
560.3 176.00
560.3 178.00
560.3 177.00
560.4 176.00
560.4 178.00
560.4 176.00
560.4 177.00
560.4 176.00
560.4 178.00
560.4 176.00
560.4 179.00
560.5 179.00
560.5 177.00
560.5 180.00
560.5 178.00
560.5 180.00
560.5 178.00
560.5 179.00
560.5 181.00
560.6 182.00
560.6 182.00
560.6 181.00
560.6 184.00
560.6 182.00
560.6 182.00
560.6 183.00
560.6 183.00
560.7 183.00
560.7 183.00
560.7 185.00
560.7 182.00
560.7 182.00
560.7 183.00
560.7 182.00
560.7 179.00
560.8 180.00
560.8 181.00
560.8 178.00
560.8 176.00
560.8 179.00
560.8 177.00
560.8 178.00
560.8 177.00
560.9 177.00
560.9 176.00
560.9 178.00
560.9 177.00
560.9 175.00
560.9 177.00
560.9 176.00
560.9 177.00
561.0 179.00
561.0 174.00
561.0 176.00
561.0 178.00
561.0 177.00
561.0 177.00
561.0 176.00
561.0 177.00
561.1 176.00
561.1 176.00
561.1 178.00
561.1 177.00
561.1 176.00
561.1 178.00
561.1 179.00
561.1 177.00
561.2 175.00
561.2 175.00
561.2 178.00
561.2 175.00
561.2 177.00
561.2 176.00
561.2 177.00
561.2 176.00
561.3 177.00
561.3 175.00
561.3 176.00
561.3 176.00
561.3 175.00
561.3 178.00
561.3 176.00
561.3 177.00
561.4 179.00
561.4 174.00
561.4 177.00
561.4 178.00
561.4 177.00
561.4 177.00
561.4 178.00
561.4 177.00
561.5 175.00
561.5 176.00
561.5 177.00
561.5 176.00
561.5 175.00
561.5 178.00
561.5 178.00
561.5 176.00
561.6 175.00
561.6 178.00
561.6 178.00
561.6 176.00
561.6 179.00
561.6 175.00
561.6 175.00
561.6 179.00
561.7 177.00
561.7 178.00
561.7 176.00
561.7 177.00
561.7 176.00
561.7 176.00
561.7 179.00
561.7 176.00
561.8 177.00
561.8 178.00
561.8 176.00
561.8 177.00
561.8 178.00
561.8 177.00
561.8 177.00
561.8 177.00
561.9 178.00
561.9 177.00
561.9 176.00
561.9 177.00
561.9 178.00
561.9 176.00
561.9 177.00
561.9 176.00
562.0 178.00
562.0 176.00
562.0 175.00
562.0 176.00
562.0 177.00
562.0 176.00
562.0 177.00
562.0 177.00
562.1 175.00
562.1 178.00
562.1 177.00
562.1 176.00
562.1 177.00
562.1 178.00
562.1 177.00
562.1 177.00
562.2 177.00
562.2 176.00
562.2 175.00
562.2 177.00
562.2 177.00
562.2 178.00
562.2 180.00
562.2 176.00
562.3 177.00
562.3 179.00
562.3 177.00
562.3 178.00
562.3 178.00
562.3 177.00
562.3 176.00
562.3 174.00
562.4 175.00
562.4 178.00
562.4 176.00
562.4 177.00
562.4 177.00
562.4 177.00
562.4 175.00
562.4 176.00
562.5 177.00
562.5 175.00
562.5 178.00
562.5 176.00
562.5 177.00
562.5 176.00
562.5 178.00
562.5 178.00
562.6 176.00
562.6 179.00
562.6 177.00
562.6 178.00
562.6 177.00
562.6 176.00
562.6 176.00
562.6 177.00
562.7 178.00
562.7 178.00
562.7 176.00
562.7 176.00
562.7 178.00
562.7 176.00
562.7 175.00
562.7 176.00
562.8 177.00
562.8 178.00
562.8 177.00
562.8 177.00
562.8 177.00
562.8 178.00
562.8 178.00
562.8 177.00
562.9 175.00
562.9 176.00
562.9 177.00
562.9 178.00
562.9 176.00
562.9 178.00
562.9 178.00
562.9 178.00
563.0 178.00
563.0 178.00
563.0 175.00
563.0 176.00
563.0 178.00
563.0 178.00
563.0 179.00
563.0 178.00
563.1 177.00
563.1 177.00
563.1 178.00
563.1 179.00
563.1 178.00
563.1 177.00
563.1 175.00
563.1 177.00
563.2 180.00
563.2 177.00
563.2 180.00
563.2 177.00
563.2 178.00
563.2 179.00
563.2 175.00
563.2 177.00
563.3 177.00
563.3 178.00
563.3 179.00
563.3 177.00
563.3 178.00
563.3 175.00
563.3 178.00
563.3 178.00
563.4 176.00
563.4 178.00
563.4 178.00
563.4 177.00
563.4 175.00
563.4 177.00
563.4 179.00
563.4 178.00
563.5 180.00
563.5 175.00
563.5 179.00
563.5 177.00
563.5 178.00
563.5 177.00
563.5 178.00
563.5 177.00
563.6 180.00
563.6 177.00
563.6 176.00
563.6 178.00
563.6 179.00
563.6 176.00
563.6 176.00
563.6 177.00
563.7 176.00
563.7 177.00
563.7 177.00
563.7 178.00
563.7 177.00
563.7 177.00
563.7 175.00
563.7 178.00
563.8 179.00
563.8 177.00
563.8 177.00
563.8 176.00
563.8 177.00
563.8 179.00
563.8 177.00
563.8 177.00
563.9 177.00
563.9 178.00
563.9 177.00
563.9 175.00
563.9 175.00
563.9 177.00
563.9 177.00
563.9 177.00
564.0 178.00
564.0 177.00
564.0 177.00
564.0 176.00
564.0 178.00
564.0 179.00
564.0 178.00
564.0 178.00
564.1 177.00
564.1 175.00
564.1 178.00
564.1 179.00
564.1 178.00
564.1 177.00
564.1 178.00
564.1 177.00
564.2 178.00
564.2 178.00
564.2 178.00
564.2 178.00
564.2 176.00
564.2 176.00
564.2 177.00
564.2 179.00
564.3 179.00
564.3 179.00
564.3 176.00
564.3 180.00
564.3 177.00
564.3 178.00
564.3 179.00
564.3 177.00
564.4 177.00
564.4 176.00
564.4 180.00
564.4 177.00
564.4 176.00
564.4 177.00
564.4 178.00
564.4 178.00
564.5 179.00
564.5 177.00
564.5 178.00
564.5 176.00
564.5 178.00
564.5 177.00
564.5 176.00
564.5 179.00
564.6 178.00
564.6 178.00
564.6 178.00
564.6 176.00
564.6 177.00
564.6 176.00
564.6 178.00
564.6 176.00
564.7 176.00
564.7 177.00
564.7 177.00
564.7 179.00
564.7 178.00
564.7 176.00
564.7 178.00
564.7 178.00
564.8 177.00
564.8 178.00
564.8 179.00
564.8 180.00
564.8 179.00
564.8 176.00
564.8 179.00
564.8 179.00
564.9 179.00
564.9 177.00
564.9 180.00
564.9 178.00
564.9 180.00
564.9 178.00
564.9 180.00
564.9 180.00
565.0 180.00
565.0 180.00
565.0 180.00
565.0 183.00
565.0 180.00
565.0 180.00
565.0 180.00
565.0 182.00
565.1 180.00
565.1 182.00
565.1 181.00
565.1 182.00
565.1 180.00
565.1 182.00
565.1 180.00
565.1 182.00
565.2 179.00
565.2 179.00
565.2 179.00
565.2 178.00
565.2 178.00
565.2 177.00
565.2 176.00
565.2 178.00
565.3 177.00
565.3 176.00
565.3 178.00
565.3 178.00
565.3 178.00
565.3 178.00
565.3 179.00
565.3 176.00
565.4 177.00
565.4 178.00
565.4 178.00
565.4 179.00
565.4 179.00
565.4 177.00
565.4 180.00
565.4 178.00
565.5 179.00
565.5 177.00
565.5 177.00
565.5 177.00
565.5 180.00
565.5 177.00
565.5 177.00
565.5 175.00
565.6 178.00
565.6 179.00
565.6 179.00
565.6 179.00
565.6 179.00
565.6 177.00
565.6 179.00
565.6 180.00
565.7 177.00
565.7 178.00
565.7 177.00
565.7 180.00
565.7 178.00
565.7 179.00
565.7 178.00
565.7 179.00
565.8 179.00
565.8 176.00
565.8 177.00
565.8 178.00
565.8 178.00
565.8 178.00
565.8 177.00
565.8 180.00
565.9 177.00
565.9 177.00
565.9 178.00
565.9 180.00
565.9 177.00
565.9 178.00
565.9 178.00
565.9 179.00
566.0 178.00
566.0 180.00
566.0 179.00
566.0 180.00
566.0 180.00
566.0 177.00
566.0 177.00
566.0 180.00
566.1 176.00
566.1 179.00
566.1 179.00
566.1 179.00
566.1 178.00
566.1 178.00
566.1 178.00
566.1 177.00
566.2 178.00
566.2 178.00
566.2 177.00
566.2 180.00
566.2 180.00
566.2 177.00
566.2 178.00
566.2 177.00
566.3 179.00
566.3 180.00
566.3 178.00
566.3 179.00
566.3 177.00
566.3 178.00
566.3 179.00
566.3 177.00
566.4 178.00
566.4 178.00
566.4 179.00
566.4 179.00
566.4 178.00
566.4 177.00
566.4 179.00
566.4 178.00
566.5 177.00
566.5 179.00
566.5 179.00
566.5 179.00
566.5 179.00
566.5 179.00
566.5 178.00
566.5 179.00
566.6 178.00
566.6 178.00
566.6 178.00
566.6 177.00
566.6 178.00
566.6 179.00
566.6 179.00
566.6 180.00
566.7 178.00
566.7 177.00
566.7 178.00
566.7 179.00
566.7 177.00
566.7 177.00
566.7 179.00
566.7 179.00
566.8 179.00
566.8 179.00
566.8 180.00
566.8 179.00
566.8 181.00
566.8 179.00
566.8 179.00
566.8 179.00
566.9 179.00
566.9 175.00
566.9 182.00
566.9 179.00
566.9 180.00
566.9 179.00
566.9 177.00
566.9 178.00
567.0 178.00
567.0 178.00
567.0 178.00
567.0 177.00
567.0 180.00
567.0 177.00
567.0 178.00
567.0 179.00
567.1 178.00
567.1 176.00
567.1 177.00
567.1 181.00
567.1 178.00
567.1 176.00
567.1 179.00
567.1 177.00
567.2 176.00
567.2 179.00
567.2 178.00
567.2 179.00
567.2 178.00
567.2 179.00
567.2 180.00
567.2 182.00
567.3 177.00
567.3 180.00
567.3 180.00
567.3 179.00
567.3 180.00
567.3 180.00
567.3 178.00
567.3 179.00
567.4 179.00
567.4 180.00
567.4 181.00
567.4 179.00
567.4 181.00
567.4 181.00
567.4 178.00
567.4 179.00
567.5 179.00
567.5 180.00
567.5 180.00
567.5 180.00
567.5 179.00
567.5 181.00
567.5 178.00
567.5 179.00
567.6 181.00
567.6 181.00
567.6 181.00
567.6 180.00
567.6 182.00
567.6 181.00
567.6 181.00
567.6 180.00
567.7 180.00
567.7 180.00
567.7 182.00
567.7 179.00
567.7 181.00
567.7 181.00
567.7 181.00
567.7 182.00
567.8 184.00
567.8 183.00
567.8 182.00
567.8 183.00
567.8 182.00
567.8 182.00
567.8 184.00
567.8 185.00
567.9 184.00
567.9 187.00
567.9 187.00
567.9 190.00
567.9 195.00
567.9 202.00
567.9 207.00
567.9 216.00
568.0 226.00
568.0 244.00
568.0 260.00
568.0 281.00
568.0 314.00
568.0 317.00
568.0 350.00
568.0 402.00
568.1 458.00
568.1 485.00
568.1 612.00
568.1 713.00
568.1 799.00
568.1 871.00
568.1 1081.0
568.1 1207.0
568.2 1347.0
568.2 1539.0
568.2 1641.0
568.2 1727.0
568.2 1847.0
568.2 1948.0
568.2 1965.0
568.2 1978.0
568.3 1990.0
568.3 1966.0
568.3 1885.0
568.3 1848.0
568.3 1749.0
568.3 1623.0
568.3 1462.0
568.3 1368.0
568.4 1189.0
568.4 1053.0
568.4 905.00
568.4 790.00
568.4 641.00
568.4 509.00
568.4 439.00
568.4 347.00
568.5 299.00
568.5 270.00
568.5 254.00
568.5 256.00
568.5 273.00
568.5 294.00
568.5 291.00
568.5 359.00
568.6 408.00
568.6 431.00
568.6 528.00
568.6 620.00
568.6 658.00
568.6 786.00
568.6 960.00
568.6 1097.0
568.7 1258.0
568.7 1498.0
568.7 1736.0
568.7 2050.0
568.7 2340.0
568.7 2639.0
568.7 2864.0
568.7 3100.0
568.8 3345.0
568.8 3489.0
568.8 3592.0
568.8 3707.0
568.8 3724.0
568.8 3630.0
568.8 3602.0
568.8 3508.0
568.9 3262.0
568.9 3110.0
568.9 2935.0
568.9 2629.0
568.9 2308.0
568.9 2060.0
568.9 1750.0
568.9 1469.0
569.0 1145.0
569.0 968.00
569.0 707.00
569.0 556.00
569.0 411.00
569.0 312.00
569.0 255.00
569.0 223.00
569.1 210.00
569.1 201.00
569.1 197.00
569.1 194.00
569.1 192.00
569.1 192.00
569.1 192.00
569.1 188.00
569.2 186.00
569.2 186.00
569.2 187.00
569.2 190.00
569.2 186.00
569.2 187.00
569.2 185.00
569.2 184.00
569.3 184.00
569.3 184.00
569.3 185.00
569.3 183.00
569.3 184.00
569.3 181.00
569.3 182.00
569.3 182.00
569.4 181.00
569.4 182.00
569.4 184.00
569.4 181.00
569.4 183.00
569.4 183.00
569.4 184.00
569.4 182.00
569.5 184.00
569.5 181.00
569.5 180.00
569.5 181.00
569.5 180.00
569.5 182.00
569.5 182.00
569.5 179.00
569.6 181.00
569.6 179.00
569.6 180.00
569.6 181.00
569.6 182.00
569.6 180.00
569.6 182.00
569.6 181.00
569.7 181.00
569.7 182.00
569.7 182.00
569.7 181.00
569.7 180.00
569.7 180.00
569.7 182.00
569.7 179.00
569.8 178.00
569.8 180.00
569.8 179.00
569.8 181.00
569.8 182.00
569.8 182.00
569.8 181.00
569.8 181.00
569.9 181.00
569.9 180.00
569.9 181.00
569.9 182.00
569.9 179.00
569.9 180.00
569.9 181.00
569.9 180.00
570.0 179.00
570.0 180.00
570.0 181.00
570.0 182.00
570.0 179.00
570.0 180.00
570.0 178.00
570.0 181.00
570.1 183.00
570.1 181.00
570.1 180.00
570.1 180.00
570.1 181.00
570.1 181.00
570.1 181.00
570.1 180.00
570.2 181.00
570.2 180.00
570.2 178.00
570.2 180.00
570.2 179.00
570.2 180.00
570.2 178.00
570.2 180.00
570.3 179.00
570.3 179.00
570.3 180.00
570.3 180.00
570.3 182.00
570.3 180.00
570.3 179.00
570.3 180.00
570.4 179.00
570.4 179.00
570.4 181.00
570.4 178.00
570.4 179.00
570.4 180.00
570.4 184.00
570.4 181.00
570.5 179.00
570.5 179.00
570.5 178.00
570.5 179.00
570.5 178.00
570.5 179.00
570.5 183.00
570.5 180.00
570.6 180.00
570.6 178.00
570.6 181.00
570.6 180.00
570.6 181.00
570.6 178.00
570.6 182.00
570.6 180.00
570.7 180.00
570.7 177.00
570.7 180.00
570.7 179.00
570.7 179.00
570.7 181.00
570.7 179.00
570.7 180.00
570.8 179.00
570.8 179.00
570.8 178.00
570.8 178.00
570.8 179.00
570.8 177.00
570.8 179.00
570.8 178.00
570.9 179.00
570.9 179.00
570.9 180.00
570.9 180.00
570.9 180.00
570.9 180.00
570.9 180.00
570.9 180.00
571.0 181.00
571.0 181.00
571.0 180.00
571.0 181.00
571.0 181.00
571.0 179.00
571.0 180.00
571.0 180.00
571.1 181.00
571.1 180.00
571.1 179.00
571.1 179.00
571.1 180.00
571.1 178.00
571.1 179.00
571.1 181.00
571.2 180.00
571.2 180.00
571.2 181.00
571.2 182.00
571.2 178.00
571.2 180.00
571.2 179.00
571.2 180.00
571.3 180.00
571.3 179.00
571.3 181.00
571.3 177.00
571.3 178.00
571.3 180.00
571.3 180.00
571.3 179.00
571.4 179.00
571.4 181.00
571.4 181.00
571.4 180.00
571.4 178.00
571.4 180.00
571.4 180.00
571.4 179.00
571.5 179.00
571.5 180.00
571.5 179.00
571.5 177.00
571.5 180.00
571.5 178.00
571.5 181.00
571.5 180.00
571.6 181.00
571.6 178.00
571.6 180.00
571.6 180.00
571.6 178.00
571.6 181.00
571.6 180.00
571.6 179.00
571.7 180.00
571.7 179.00
571.7 181.00
571.7 181.00
571.7 179.00
571.7 181.00
571.7 181.00
571.7 180.00
571.8 181.00
571.8 181.00
571.8 178.00
571.8 180.00
571.8 180.00
571.8 179.00
571.8 180.00
571.8 177.00
571.9 179.00
571.9 180.00
571.9 179.00
571.9 180.00
571.9 179.00
571.9 179.00
571.9 180.00
571.9 181.00
572.0 179.00
572.0 178.00
572.0 180.00
572.0 182.00
572.0 180.00
572.0 181.00
572.0 179.00
572.0 179.00
572.1 179.00
572.1 180.00
572.1 182.00
572.1 179.00
572.1 180.00
572.1 180.00
572.1 180.00
572.1 181.00
572.2 182.00
572.2 180.00
572.2 179.00
572.2 179.00
572.2 181.00
572.2 181.00
572.2 180.00
572.2 179.00
572.3 180.00
572.3 181.00
572.3 180.00
572.3 181.00
572.3 178.00
572.3 179.00
572.3 179.00
572.3 180.00
572.4 178.00
572.4 180.00
572.4 180.00
572.4 180.00
572.4 180.00
572.4 180.00
572.4 178.00
572.4 180.00
572.5 180.00
572.5 180.00
572.5 179.00
572.5 180.00
572.5 179.00
572.5 179.00
572.5 180.00
572.5 179.00
572.6 180.00
572.6 181.00
572.6 179.00
572.6 180.00
572.6 182.00
572.6 180.00
572.6 181.00
572.6 180.00
572.7 182.00
572.7 178.00
572.7 179.00
572.7 180.00
572.7 180.00
572.7 179.00
572.7 181.00
572.7 180.00
572.8 180.00
572.8 177.00
572.8 178.00
572.8 180.00
572.8 181.00
572.8 182.00
572.8 179.00
572.8 182.00
572.9 179.00
572.9 181.00
572.9 181.00
572.9 180.00
572.9 180.00
572.9 180.00
572.9 182.00
572.9 182.00
573.0 181.00
573.0 180.00
573.0 180.00
573.0 181.00
573.0 181.00
573.0 181.00
573.0 180.00
573.0 178.00
573.1 178.00
573.1 172.00
573.1 169.00
573.1 164.00
573.1 164.00
573.1 165.00
573.1 163.00
573.1 164.00
573.2 164.00
573.2 162.00
573.2 163.00
573.2 163.00
573.2 164.00
573.2 163.00
573.2 164.00
573.2 164.00
573.3 163.00
573.3 164.00
573.3 164.00
573.3 164.00
573.3 165.00
573.3 162.00
573.3 163.00
573.3 164.00
573.4 164.00
573.4 164.00
573.4 165.00
573.4 163.00
573.4 163.00
573.4 163.00
573.4 163.00
573.4 162.00
573.5 160.00
573.5 160.00
573.5 161.00
573.5 162.00
573.5 161.00
573.5 162.00
573.5 162.00
573.5 161.00
573.6 163.00
573.6 163.00
573.6 162.00
573.6 161.00
573.6 162.00
573.6 160.00
573.6 160.00
573.6 160.00
573.7 160.00
573.7 162.00
573.7 163.00
573.7 163.00
573.7 162.00
573.7 162.00
573.7 164.00
573.7 163.00
573.8 164.00
573.8 165.00
573.8 163.00
573.8 165.00
573.8 164.00
573.8 167.00
573.8 167.00
573.8 166.00
573.9 164.00
573.9 167.00
573.9 166.00
573.9 167.00
573.9 169.00
573.9 167.00
573.9 165.00
573.9 164.00
574.0 166.00
574.0 166.00
574.0 165.00
574.0 165.00
574.0 165.00
574.0 165.00
574.0 163.00
574.0 167.00
574.1 166.00
574.1 167.00
574.1 164.00
574.1 167.00
574.1 165.00
574.1 166.00
574.1 164.00
574.1 165.00
574.2 165.00
574.2 163.00
574.2 164.00
574.2 165.00
574.2 163.00
574.2 166.00
574.2 161.00
574.2 163.00
574.3 164.00
574.3 165.00
574.3 165.00
574.3 165.00
574.3 164.00
574.3 165.00
574.3 164.00
574.3 164.00
574.4 162.00
574.4 164.00
574.4 165.00
574.4 164.00
574.4 163.00
574.4 163.00
574.4 163.00
574.4 164.00
574.5 165.00
574.5 165.00
574.5 166.00
574.5 163.00
574.5 164.00
574.5 165.00
574.5 164.00
574.5 166.00
574.6 165.00
574.6 164.00
574.6 164.00
574.6 164.00
574.6 164.00
574.6 162.00
574.6 164.00
574.6 160.00
574.7 163.00
574.7 162.00
574.7 163.00
574.7 165.00
574.7 162.00
574.7 165.00
574.7 162.00
574.7 163.00
574.8 162.00
574.8 163.00
574.8 162.00
574.8 164.00
574.8 163.00
574.8 160.00
574.8 163.00
574.8 168.00
574.9 170.00
574.9 171.00
574.9 176.00
574.9 177.00
574.9 181.00
574.9 180.00
574.9 181.00
574.9 180.00
575.0 181.00
575.0 0.000
575.0 0.000
575.0 0.000
575.0 0.000
575.0 0.000
575.0 0.000
575.0 0.000
575.1 0.000
575.1 0.000
575.1 0.000
575.1 0.000
575.1 0.000
575.1 0.000
575.1 0.000
575.1 0.000
575.2 0.000
575.2 0.000
575.2 0.000
575.2 0.000
575.2 0.000
575.2 0.000
575.2 0.000
575.2 0.000
575.3 0.000
575.3 0.000
575.3 0.000
575.3 0.000
575.3 0.000
575.3 0.000
575.3 0.000
575.3 0.000
575.4 0.000
575.4 0.000
575.4 0.000
575.4 0.000
575.4 0.000
575.4 0.000
575.4 0.000
575.4 0.000
575.5 0.000
575.5 0.000
575.5 0.000
575.5 0.000
575.5 0.000
575.5 0.000
575.5 0.000
575.5 0.000
575.6 0.000
575.6 0.000
575.6 0.000
