490.0 1553.0
490.0 1576.0
490.0 1584.0
490.0 1571.0
490.0 1561.0
490.0 1562.0
490.0 1567.0
490.0 1574.0
490.1 1587.0
490.1 1577.0
490.1 1571.0
490.1 1577.0
490.1 1563.0
490.1 1577.0
490.1 1573.0
490.1 1582.0
490.2 1564.0
490.2 1560.0
490.2 1577.0
490.2 1551.0
490.2 1573.0
490.2 1554.0
490.2 1574.0
490.2 1573.0
490.3 1566.0
490.3 1560.0
490.3 1567.0
490.3 1544.0
490.3 1548.0
490.3 1552.0
490.3 1554.0
490.3 1552.0
490.4 1548.0
490.4 1553.0
490.4 1568.0
490.4 1573.0
490.4 1561.0
490.4 1561.0
490.4 1538.0
490.4 1565.0
490.5 1567.0
490.5 1571.0
490.5 1570.0
490.5 1564.0
490.5 1571.0
490.5 1557.0
490.5 1577.0
490.5 1556.0
490.6 1581.0
490.6 1558.0
490.6 1546.0
490.6 1561.0
490.6 1563.0
490.6 1560.0
490.6 1571.0
490.6 1568.0
490.7 1548.0
490.7 1559.0
490.7 1529.0
490.7 1535.0
490.7 1543.0
490.7 1534.0
490.7 1528.0
490.7 1558.0
490.8 1544.0
490.8 1567.0
490.8 1562.0
490.8 1543.0
490.8 1544.0
490.8 1525.0
490.8 1530.0
490.8 1546.0
490.9 1543.0
490.9 1563.0
490.9 1561.0
490.9 1581.0
490.9 1583.0
490.9 1582.0
490.9 1582.0
490.9 1567.0
491.0 1563.0
491.0 1560.0
491.0 1576.0
491.0 1560.0
491.0 1558.0
491.0 1579.0
491.0 1578.0
491.0 1561.0
491.1 1552.0
491.1 1571.0
491.1 1567.0
491.1 1545.0
491.1 1553.0
491.1 1571.0
491.1 1568.0
491.1 1561.0
491.2 1571.0
491.2 1578.0
491.2 1568.0
491.2 1564.0
491.2 1584.0
491.2 1590.0
491.2 1584.0
491.2 1561.0
491.3 1546.0
491.3 1536.0
491.3 1550.0
491.3 1576.0
491.3 1566.0
491.3 1554.0
491.3 1573.0
491.3 1565.0
491.4 1582.0
491.4 1562.0
491.4 1539.0
491.4 1565.0
491.4 1555.0
491.4 1551.0
491.4 1570.0
491.4 1565.0
491.5 1582.0
491.5 1557.0
491.5 1566.0
491.5 1547.0
491.5 1549.0
491.5 1550.0
491.5 1562.0
491.5 1553.0
491.6 1549.0
491.6 1538.0
491.6 1546.0
491.6 1549.0
491.6 1549.0
491.6 1538.0
491.6 1535.0
491.6 1523.0
491.7 1525.0
491.7 1529.0
491.7 1555.0
491.7 1543.0
491.7 1516.0
491.7 1548.0
491.7 1572.0
491.7 1561.0
491.8 1559.0
491.8 1581.0
491.8 1580.0
491.8 1562.0
491.8 1564.0
491.8 1563.0
491.8 1564.0
491.8 1571.0
491.9 1591.0
491.9 1572.0
491.9 1570.0
491.9 1557.0
491.9 1567.0
491.9 1568.0
491.9 1558.0
491.9 1565.0
492.0 1558.0
492.0 1564.0
492.0 1562.0
492.0 1551.0
492.0 1557.0
492.0 1572.0
492.0 1571.0
492.0 1554.0
492.1 1553.0
492.1 1569.0
492.1 1556.0
492.1 1543.0
492.1 1543.0
492.1 1564.0
492.1 1555.0
492.1 1568.0
492.2 1562.0
492.2 1524.0
492.2 1525.0
492.2 1524.0
492.2 1532.0
492.2 1559.0
492.2 1566.0
492.2 1581.0
492.3 1551.0
492.3 1579.0
492.3 1586.0
492.3 1576.0
492.3 1571.0
492.3 1580.0
492.3 1571.0
492.3 1566.0
492.4 1549.0
492.4 1551.0
492.4 1543.0
492.4 1558.0
492.4 1556.0
492.4 1571.0
492.4 1545.0
492.4 1548.0
492.5 1544.0
492.5 1558.0
492.5 1552.0
492.5 1546.0
492.5 1546.0
492.5 1546.0
492.5 1569.0
492.5 1562.0
492.6 1558.0
492.6 1581.0
492.6 1565.0
492.6 1560.0
492.6 1567.0
492.6 1557.0
492.6 1570.0
492.6 1586.0
492.7 1561.0
492.7 1572.0
492.7 1570.0
492.7 1559.0
492.7 1576.0
492.7 1567.0
492.7 1561.0
492.7 1571.0
492.8 1579.0
492.8 1568.0
492.8 1590.0
492.8 1566.0
492.8 1573.0
492.8 1567.0
492.8 1562.0
492.8 1563.0
492.9 1555.0
492.9 1553.0
492.9 1573.0
492.9 1562.0
492.9 1567.0
492.9 1574.0
492.9 1588.0
492.9 1580.0
493.0 1569.0
493.0 1568.0
493.0 1567.0
493.0 1572.0
493.0 1565.0
493.0 1554.0
493.0 1576.0
493.0 1573.0
493.1 1566.0
493.1 1578.0
493.1 1575.0
493.1 1558.0
493.1 1552.0
493.1 1551.0
493.1 1561.0
493.1 1557.0
493.2 1544.0
493.2 1579.0
493.2 1553.0
493.2 1558.0
493.2 1592.0
493.2 1572.0
493.2 1580.0
493.2 1572.0
493.3 1573.0
493.3 1590.0
493.3 1615.0
493.3 1587.0
493.3 1604.0
493.3 1584.0
493.3 1610.0
493.3 1598.0
493.4 1607.0
493.4 1597.0
493.4 1599.0
493.4 1596.0
493.4 1600.0
493.4 1590.0
493.4 1594.0
493.4 1602.0
493.5 1609.0
493.5 1570.0
493.5 1589.0
493.5 1573.0
493.5 1570.0
493.5 1578.0
493.5 1565.0
493.5 1552.0
493.6 1558.0
493.6 1563.0
493.6 1578.0
493.6 1567.0
493.6 1556.0
493.6 1570.0
493.6 1534.0
493.6 1548.0
493.7 1563.0
493.7 1557.0
493.7 1571.0
493.7 1560.0
493.7 1562.0
493.7 1570.0
493.7 1567.0
493.7 1568.0
493.8 1570.0
493.8 1564.0
493.8 1549.0
493.8 1555.0
493.8 1540.0
493.8 1579.0
493.8 1573.0
493.8 1572.0
493.9 1580.0
493.9 1599.0
493.9 1591.0
493.9 1572.0
493.9 1563.0
493.9 1594.0
493.9 1577.0
493.9 1583.0
494.0 1586.0
494.0 1586.0
494.0 1582.0
494.0 1567.0
494.0 1586.0
494.0 1581.0
494.0 1578.0
494.0 1578.0
494.1 1572.0
494.1 1588.0
494.1 1559.0
494.1 1568.0
494.1 1559.0
494.1 1591.0
494.1 1579.0
494.1 1578.0
494.2 1581.0
494.2 1580.0
494.2 1587.0
494.2 1582.0
494.2 1579.0
494.2 1579.0
494.2 1565.0
494.2 1560.0
494.3 1571.0
494.3 1573.0
494.3 1546.0
494.3 1563.0
494.3 1558.0
494.3 1560.0
494.3 1554.0
494.3 1560.0
494.4 1575.0
494.4 1564.0
494.4 1584.0
494.4 1572.0
494.4 1582.0
494.4 1575.0
494.4 1546.0
494.4 1566.0
494.5 1553.0
494.5 1562.0
494.5 1564.0
494.5 1593.0
494.5 1561.0
494.5 1574.0
494.5 1590.0
494.5 1589.0
494.6 1564.0
494.6 1592.0
494.6 1572.0
494.6 1569.0
494.6 1573.0
494.6 1570.0
494.6 1557.0
494.6 1561.0
494.7 1553.0
494.7 1546.0
494.7 1554.0
494.7 1554.0
494.7 1555.0
494.7 1572.0
494.7 1537.0
494.7 1560.0
494.8 1548.0
494.8 1554.0
494.8 1563.0
494.8 1566.0
494.8 1563.0
494.8 1550.0
494.8 1541.0
494.8 1547.0
494.9 1542.0
494.9 1565.0
494.9 1553.0
494.9 1541.0
494.9 1552.0
494.9 1549.0
494.9 1551.0
494.9 1558.0
495.0 1550.0
495.0 1547.0
495.0 1556.0
495.0 1542.0
495.0 1553.0
495.0 1537.0
495.0 1558.0
495.0 1550.0
495.1 1547.0
495.1 1549.0
495.1 1546.0
495.1 1540.0
495.1 1546.0
495.1 1547.0
495.1 1531.0
495.1 1543.0
495.2 1542.0
495.2 1546.0
495.2 1544.0
495.2 1535.0
495.2 1550.0
495.2 1529.0
495.2 1540.0
495.2 1554.0
495.3 1530.0
495.3 1544.0
495.3 1531.0
495.3 1519.0
495.3 1541.0
495.3 1541.0
495.3 1549.0
495.3 1544.0
495.4 1559.0
495.4 1530.0
495.4 1547.0
495.4 1542.0
495.4 1523.0
495.4 1553.0
495.4 1554.0
495.4 1551.0
495.5 1557.0
495.5 1570.0
495.5 1574.0
495.5 1569.0
495.5 1562.0
495.5 1586.0
495.5 1575.0
495.5 1564.0
495.6 1591.0
495.6 1583.0
495.6 1581.0
495.6 1578.0
495.6 1594.0
495.6 1572.0
495.6 1595.0
495.6 1587.0
495.7 1583.0
495.7 1576.0
495.7 1588.0
495.7 1577.0
495.7 1599.0
495.7 1589.0
495.7 1593.0
495.7 1585.0
495.8 1581.0
495.8 1592.0
495.8 1580.0
495.8 1570.0
495.8 1573.0
495.8 1578.0
495.8 1602.0
495.8 1604.0
495.9 1576.0
495.9 1577.0
495.9 1591.0
495.9 1583.0
495.9 1591.0
495.9 1585.0
495.9 1580.0
495.9 1589.0
496.0 1589.0
496.0 1582.0
496.0 1595.0
496.0 1586.0
496.0 1586.0
496.0 1603.0
496.0 1597.0
496.0 1575.0
496.1 1586.0
496.1 1585.0
496.1 1575.0
496.1 1585.0
496.1 1587.0
496.1 1587.0
496.1 1596.0
496.1 1594.0
496.2 1587.0
496.2 1594.0
496.2 1610.0
496.2 1582.0
496.2 1583.0
496.2 1573.0
496.2 1584.0
496.2 1590.0
496.3 1595.0
496.3 1591.0
496.3 1578.0
496.3 1593.0
496.3 1594.0
496.3 1599.0
496.3 1586.0
496.3 1593.0
496.4 1580.0
496.4 1578.0
496.4 1575.0
496.4 1589.0
496.4 1583.0
496.4 1608.0
496.4 1591.0
496.4 1588.0
496.5 1594.0
496.5 1582.0
496.5 1585.0
496.5 1588.0
496.5 1601.0
496.5 1587.0
496.5 1596.0
496.5 1593.0
496.6 1583.0
496.6 1585.0
496.6 1582.0
496.6 1588.0
496.6 1602.0
496.6 1601.0
496.6 1597.0
496.6 1597.0
496.7 1577.0
496.7 1594.0
496.7 1587.0
496.7 1593.0
496.7 1603.0
496.7 1597.0
496.7 1573.0
496.7 1574.0
496.8 1589.0
496.8 1589.0
496.8 1585.0
496.8 1591.0
496.8 1576.0
496.8 1583.0
496.8 1604.0
496.8 1586.0
496.9 1591.0
496.9 1585.0
496.9 1601.0
496.9 1575.0
496.9 1583.0
496.9 1573.0
496.9 1557.0
496.9 1594.0
497.0 1590.0
497.0 1584.0
497.0 1593.0
497.0 1587.0
497.0 1586.0
497.0 1564.0
497.0 1587.0
497.0 1574.0
497.1 1596.0
497.1 1584.0
497.1 1588.0
497.1 1588.0
497.1 1595.0
497.1 1589.0
497.1 1583.0
497.1 1588.0
497.2 1594.0
497.2 1577.0
497.2 1571.0
497.2 1585.0
497.2 1578.0
497.2 1592.0
497.2 1588.0
497.2 1590.0
497.3 1597.0
497.3 1592.0
497.3 1573.0
497.3 1584.0
497.3 1576.0
497.3 1581.0
497.3 1597.0
497.3 1568.0
497.4 1585.0
497.4 1586.0
497.4 1576.0
497.4 1580.0
497.4 1599.0
497.4 1588.0
497.4 1582.0
497.4 1586.0
497.5 1573.0
497.5 1589.0
497.5 1570.0
497.5 1579.0
497.5 1590.0
497.5 1585.0
497.5 1589.0
497.5 1595.0
497.6 1614.0
497.6 1620.0
497.6 1621.0
497.6 1640.0
497.6 1646.0
497.6 1670.0
497.6 1682.0
497.6 1700.0
497.7 1767.0
497.7 1814.0
497.7 1850.0
497.7 1893.0
497.7 1985.0
497.7 2073.0
497.7 2155.0
497.7 2248.0
497.8 2391.0
497.8 2458.0
497.8 2499.0
497.8 2588.0
497.8 2596.0
497.8 2591.0
497.8 2600.0
497.8 2610.0
497.9 2534.0
497.9 2529.0
497.9 2516.0
497.9 2450.0
497.9 2371.0
497.9 2314.0
497.9 2217.0
497.9 2100.0
498.0 2039.0
498.0 1956.0
498.0 1852.0
498.0 1785.0
498.0 1764.0
498.0 1747.0
498.0 1748.0
498.0 1805.0
498.1 1816.0
498.1 1883.0
498.1 1960.0
498.1 2017.0
498.1 2107.0
498.1 2245.0
498.1 2383.0
498.1 2534.0
498.2 2710.0
498.2 2938.0
498.2 3161.0
498.2 3285.0
498.2 3430.0
498.2 3552.0
498.2 3568.0
498.2 3557.0
498.3 3631.0
498.3 3544.0
498.3 3448.0
498.3 3432.0
498.3 3331.0
498.3 3221.0
498.3 3124.0
498.3 2984.0
498.4 2799.0
498.4 2651.0
498.4 2470.0
498.4 2253.0
498.4 2069.0
498.4 1917.0
498.4 1777.0
498.4 1692.0
498.5 1635.0
498.5 1609.0
498.5 1600.0
498.5 1596.0
498.5 1593.0
498.5 1580.0
498.5 1576.0
498.5 1560.0
498.6 1560.0
498.6 1579.0
498.6 1576.0
498.6 1580.0
498.6 1556.0
498.6 1558.0
498.6 1575.0
498.6 1563.0
498.7 1559.0
498.7 1551.0
498.7 1562.0
498.7 1574.0
498.7 1563.0
498.7 1563.0
498.7 1566.0
498.7 1579.0
498.8 1558.0
498.8 1547.0
498.8 1551.0
498.8 1565.0
498.8 1563.0
498.8 1556.0
498.8 1554.0
498.8 1549.0
498.9 1529.0
498.9 1538.0
498.9 1532.0
498.9 1549.0
498.9 1520.0
498.9 1539.0
498.9 1545.0
498.9 1567.0
499.0 1574.0
499.0 1548.0
499.0 1552.0
499.0 1582.0
499.0 1561.0
499.0 1566.0
499.0 1554.0
499.0 1564.0
499.1 1572.0
499.1 1556.0
499.1 1571.0
499.1 1582.0
499.1 1561.0
499.1 1582.0
499.1 1582.0
499.1 1564.0
499.2 1579.0
499.2 1579.0
499.2 1578.0
499.2 1584.0
499.2 1587.0
499.2 1587.0
499.2 1570.0
499.2 1606.0
499.3 1570.0
499.3 1591.0
499.3 1572.0
499.3 1589.0
499.3 1582.0
499.3 1571.0
499.3 1581.0
499.3 1563.0
499.4 1573.0
499.4 1583.0
499.4 1580.0
499.4 1580.0
499.4 1572.0
499.4 1580.0
499.4 1597.0
499.4 1585.0
499.5 1580.0
499.5 1566.0
499.5 1573.0
499.5 1583.0
499.5 1581.0
499.5 1570.0
499.5 1568.0
499.5 1573.0
499.6 1562.0
499.6 1576.0
499.6 1562.0
499.6 1580.0
499.6 1573.0
499.6 1559.0
499.6 1555.0
499.6 1556.0
499.7 1576.0
499.7 1562.0
499.7 1564.0
499.7 1561.0
499.7 1573.0
499.7 1575.0
499.7 1575.0
499.7 1573.0
499.8 1580.0
499.8 1579.0
499.8 1575.0
499.8 1564.0
499.8 1566.0
499.8 1563.0
499.8 1564.0
499.8 1551.0
499.9 1570.0
499.9 1567.0
499.9 1565.0
499.9 1575.0
499.9 1552.0
499.9 1572.0
499.9 1557.0
499.9 1558.0
500.0 1571.0
500.0 1549.0
500.0 1543.0
500.0 1538.0
500.0 1544.0
500.0 1539.0
500.0 1553.0
500.0 1530.0
500.1 1545.0
500.1 1545.0
500.1 1541.0
500.1 1548.0
500.1 1534.0
500.1 1534.0
500.1 1533.0
500.1 1549.0
500.2 1528.0
500.2 1526.0
500.2 1540.0
500.2 1548.0
500.2 1535.0
500.2 1548.0
500.2 1554.0
500.2 1523.0
500.3 1533.0
500.3 1544.0
500.3 1542.0
500.3 1532.0
500.3 1540.0
500.3 1549.0
500.3 1539.0
500.3 1529.0
500.4 1520.0
500.4 1545.0
500.4 1528.0
500.4 1528.0
500.4 1522.0
500.4 1541.0
500.4 1525.0
500.4 1543.0
500.5 1541.0
500.5 1585.0
500.5 1567.0
500.5 1571.0
500.5 1573.0
500.5 1568.0
500.5 1564.0
500.5 1577.0
500.6 1568.0
500.6 1575.0
500.6 1574.0
500.6 1562.0
500.6 1573.0
500.6 1559.0
500.6 1559.0
500.6 1558.0
500.7 1547.0
500.7 1564.0
500.7 1557.0
500.7 1525.0
500.7 1521.0
500.7 1520.0
500.7 1539.0
500.7 1542.0
500.8 1552.0
500.8 1531.0
500.8 1542.0
500.8 1550.0
500.8 1559.0
500.8 1552.0
500.8 1546.0
500.8 1554.0
500.9 1577.0
500.9 1534.0
500.9 1563.0
500.9 1548.0
500.9 1563.0
500.9 1555.0
500.9 1575.0
500.9 1570.0
501.0 1563.0
501.0 1566.0
501.0 1576.0
501.0 1563.0
501.0 1556.0
501.0 1571.0
501.0 1567.0
501.0 1559.0
501.1 1564.0
501.1 1544.0
501.1 1559.0
501.1 1567.0
501.1 1560.0
501.1 1558.0
501.1 1559.0
501.1 1559.0
501.2 1566.0
501.2 1566.0
501.2 1565.0
501.2 1551.0
501.2 1562.0
501.2 1552.0
501.2 1536.0
501.2 1538.0
501.3 1568.0
501.3 1545.0
501.3 1542.0
501.3 1541.0
501.3 1549.0
501.3 1542.0
501.3 1532.0
501.3 1532.0
501.4 1558.0
501.4 1529.0
501.4 1554.0
501.4 1555.0
501.4 1543.0
501.4 1549.0
501.4 1536.0
501.4 1547.0
501.5 1540.0
501.5 1532.0
501.5 1539.0
501.5 1526.0
501.5 1537.0
501.5 1525.0
501.5 1544.0
501.5 1527.0
501.6 1516.0
501.6 1517.0
501.6 1522.0
501.6 1539.0
501.6 1538.0
501.6 1542.0
501.6 1536.0
501.6 1547.0
501.7 1537.0
501.7 1544.0
501.7 1548.0
501.7 1567.0
501.7 1577.0
501.7 1567.0
501.7 1572.0
501.7 1596.0
501.8 1577.0
501.8 1579.0
501.8 1571.0
501.8 1582.0
501.8 1583.0
501.8 1607.0
501.8 1587.0
501.8 1586.0
501.9 1607.0
501.9 1585.0
501.9 1592.0
501.9 1588.0
501.9 1585.0
501.9 1577.0
501.9 1580.0
501.9 1591.0
502.0 1583.0
502.0 1587.0
502.0 1599.0
502.0 1576.0
502.0 1588.0
502.0 1577.0
502.0 1571.0
502.0 1580.0
502.1 1594.0
502.1 1586.0
502.1 1589.0
502.1 1590.0
502.1 1567.0
502.1 1585.0
502.1 1585.0
502.1 1576.0
502.2 1583.0
502.2 1593.0
502.2 1577.0
502.2 1568.0
502.2 1571.0
502.2 1571.0
502.2 1579.0
502.2 1565.0
502.3 1576.0
502.3 1581.0
502.3 1567.0
502.3 1578.0
502.3 1580.0
502.3 1575.0
502.3 1570.0
502.3 1571.0
502.4 1557.0
502.4 1590.0
502.4 1581.0
502.4 1581.0
502.4 1570.0
502.4 1581.0
502.4 1567.0
502.4 1574.0
502.5 1578.0
502.5 1580.0
502.5 1572.0
502.5 1565.0
502.5 1568.0
502.5 1572.0
502.5 1581.0
502.5 1589.0
502.6 1573.0
502.6 1575.0
502.6 1583.0
502.6 1581.0
502.6 1570.0
502.6 1564.0
502.6 1572.0
502.6 1579.0
502.7 1558.0
502.7 1564.0
502.7 1587.0
502.7 1588.0
502.7 1577.0
502.7 1569.0
502.7 1582.0
502.7 1572.0
502.8 1574.0
502.8 1563.0
502.8 1583.0
502.8 1565.0
502.8 1580.0
502.8 1573.0
502.8 1591.0
502.8 1562.0
502.9 1586.0
502.9 1588.0
502.9 1584.0
502.9 1584.0
502.9 1573.0
502.9 1577.0
502.9 1567.0
502.9 1586.0
503.0 1581.0
503.0 1591.0
503.0 1573.0
503.0 1571.0
503.0 1579.0
503.0 1585.0
503.0 1563.0
503.0 1595.0
503.1 1586.0
503.1 1569.0
503.1 1575.0
503.1 1574.0
503.1 1584.0
503.1 1593.0
503.1 1589.0
503.1 1591.0
503.2 1591.0
503.2 1587.0
503.2 1578.0
503.2 1583.0
503.2 1588.0
503.2 1585.0
503.2 1589.0
503.2 1577.0
503.3 1580.0
503.3 1587.0
503.3 1587.0
503.3 1615.0
503.3 1579.0
503.3 1592.0
503.3 1598.0
503.3 1587.0
503.4 1597.0
503.4 1595.0
503.4 1587.0
503.4 1583.0
503.4 1615.0
503.4 1616.0
503.4 1616.0
503.4 1624.0
503.5 1629.0
503.5 1620.0
503.5 1627.0
503.5 1629.0
503.5 1612.0
503.5 1622.0
503.5 1615.0
503.5 1614.0
503.6 1638.0
503.6 1625.0
503.6 1632.0
503.6 1616.0
503.6 1612.0
503.6 1622.0
503.6 1610.0
503.6 1599.0
503.7 1617.0
503.7 1611.0
503.7 1604.0
503.7 1623.0
503.7 1603.0
503.7 1582.0
503.7 1590.0
503.7 1601.0
503.8 1599.0
503.8 1591.0
503.8 1596.0
503.8 1615.0
503.8 1604.0
503.8 1602.0
503.8 1602.0
503.8 1623.0
503.9 1624.0
503.9 1627.0
503.9 1625.0
503.9 1616.0
503.9 1613.0
503.9 1635.0
503.9 1620.0
503.9 1625.0
504.0 1618.0
504.0 1620.0
504.0 1631.0
504.0 1612.0
504.0 1607.0
504.0 1629.0
504.0 1604.0
504.0 1605.0
504.1 1630.0
504.1 1615.0
504.1 1628.0
504.1 1626.0
504.1 1616.0
504.1 1623.0
504.1 1627.0
504.1 1607.0
504.2 1592.0
504.2 1629.0
504.2 1588.0
504.2 1609.0
504.2 1619.0
504.2 1603.0
504.2 1614.0
504.2 1618.0
504.3 1603.0
504.3 1620.0
504.3 1626.0
504.3 1607.0
504.3 1618.0
504.3 1613.0
504.3 1631.0
504.3 1625.0
504.4 1614.0
504.4 1615.0
504.4 1597.0
504.4 1617.0
504.4 1622.0
504.4 1621.0
504.4 1634.0
504.4 1625.0
504.5 1604.0
504.5 1607.0
504.5 1623.0
504.5 1595.0
504.5 1605.0
504.5 1594.0
504.5 1615.0
504.5 1600.0
504.6 1617.0
504.6 1592.0
504.6 1604.0
504.6 1608.0
504.6 1624.0
504.6 1610.0
504.6 1598.0
504.6 1616.0
504.7 1605.0
504.7 1595.0
504.7 1607.0
504.7 1611.0
504.7 1603.0
504.7 1592.0
504.7 1604.0
504.7 1618.0
504.8 1601.0
504.8 1599.0
504.8 1621.0
504.8 1601.0
504.8 1590.0
504.8 1601.0
504.8 1594.0
504.8 1608.0
504.9 1605.0
504.9 1600.0
504.9 1607.0
504.9 1594.0
504.9 1611.0
504.9 1596.0
504.9 1607.0
504.9 1594.0
505.0 1595.0
505.0 0.000
505.0 0.000
505.0 0.000
505.0 0.000
505.0 0.000
505.0 0.000
505.0 0.000
505.1 0.000
505.1 0.000
505.1 0.000
505.1 0.000
505.1 0.000
505.1 0.000
505.1 0.000
505.1 0.000
505.2 0.000
505.2 0.000
505.2 0.000
505.2 0.000
505.2 0.000
505.2 0.000
505.2 0.000
505.2 0.000
505.3 0.000
505.3 0.000
505.3 0.000
505.3 0.000
505.3 0.000
505.3 0.000
505.3 0.000
505.3 0.000
505.4 0.000
505.4 0.000
505.4 0.000
505.4 0.000
505.4 0.000
505.4 0.000
505.4 0.000
505.4 0.000
505.5 0.000
505.5 0.000
505.5 0.000
505.5 0.000
505.5 0.000
505.5 0.000
505.5 0.000
505.5 0.000
505.6 0.000
505.6 0.000
505.6 0.000
