685.0 251.00
685.0 258.00
685.0 257.00
685.0 262.00
685.0 259.00
685.0 262.00
685.0 264.00
685.0 263.00
685.1 260.00
685.1 262.00
685.1 263.00
685.1 262.00
685.1 263.00
685.1 260.00
685.1 263.00
685.1 264.00
685.2 263.00
685.2 260.00
685.2 260.00
685.2 265.00
685.2 261.00
685.2 259.00
685.2 260.00
685.2 262.00
685.3 264.00
685.3 262.00
685.3 264.00
685.3 260.00
685.3 260.00
685.3 259.00
685.3 264.00
685.3 261.00
685.4 261.00
685.4 261.00
685.4 259.00
685.4 262.00
685.4 261.00
685.4 262.00
685.4 257.00
685.4 263.00
685.5 261.00
685.5 260.00
685.5 260.00
685.5 260.00
685.5 262.00
685.5 260.00
685.5 260.00
685.5 261.00
685.6 263.00
685.6 262.00
685.6 260.00
685.6 260.00
685.6 258.00
685.6 263.00
685.6 260.00
685.6 260.00
685.7 260.00
685.7 263.00
685.7 260.00
685.7 260.00
685.7 263.00
685.7 262.00
685.7 262.00
685.7 261.00
685.8 259.00
685.8 264.00
685.8 262.00
685.8 258.00
685.8 260.00
685.8 259.00
685.8 260.00
685.8 259.00
685.9 261.00
685.9 262.00
685.9 260.00
685.9 262.00
685.9 261.00
685.9 260.00
685.9 259.00
685.9 261.00
686.0 261.00
686.0 261.00
686.0 260.00
686.0 259.00
686.0 262.00
686.0 262.00
686.0 260.00
686.0 260.00
686.1 258.00
686.1 260.00
686.1 262.00
686.1 260.00
686.1 260.00
686.1 261.00
686.1 260.00
686.1 261.00
686.2 259.00
686.2 262.00
686.2 262.00
686.2 258.00
686.2 257.00
686.2 260.00
686.2 261.00
686.2 260.00
686.3 261.00
686.3 260.00
686.3 264.00
686.3 260.00
686.3 259.00
686.3 261.00
686.3 259.00
686.3 263.00
686.4 261.00
686.4 262.00
686.4 261.00
686.4 259.00
686.4 262.00
686.4 259.00
686.4 259.00
686.4 261.00
686.5 261.00
686.5 257.00
686.5 261.00
686.5 261.00
686.5 258.00
686.5 259.00
686.5 259.00
686.5 261.00
686.6 258.00
686.6 258.00
686.6 263.00
686.6 257.00
686.6 264.00
686.6 262.00
686.6 261.00
686.6 258.00
686.7 261.00
686.7 259.00
686.7 263.00
686.7 260.00
686.7 260.00
686.7 259.00
686.7 261.00
686.7 259.00
686.8 260.00
686.8 258.00
686.8 257.00
686.8 259.00
686.8 261.00
686.8 259.00
686.8 262.00
686.8 262.00
686.9 259.00
686.9 259.00
686.9 261.00
686.9 258.00
686.9 260.00
686.9 262.00
686.9 260.00
686.9 261.00
687.0 257.00
687.0 261.00
687.0 260.00
687.0 262.00
687.0 258.00
687.0 262.00
687.0 259.00
687.0 260.00
687.1 263.00
687.1 259.00
687.1 261.00
687.1 259.00
687.1 262.00
687.1 260.00
687.1 261.00
687.1 259.00
687.2 258.00
687.2 258.00
687.2 260.00
687.2 260.00
687.2 262.00
687.2 261.00
687.2 259.00
687.2 263.00
687.3 261.00
687.3 260.00
687.3 259.00
687.3 257.00
687.3 258.00
687.3 261.00
687.3 261.00
687.3 259.00
687.4 258.00
687.4 261.00
687.4 263.00
687.4 262.00
687.4 264.00
687.4 262.00
687.4 260.00
687.4 259.00
687.5 263.00
687.5 260.00
687.5 263.00
687.5 262.00
687.5 263.00
687.5 263.00
687.5 260.00
687.5 261.00
687.6 261.00
687.6 262.00
687.6 261.00
687.6 261.00
687.6 263.00
687.6 260.00
687.6 264.00
687.6 261.00
687.7 262.00
687.7 258.00
687.7 261.00
687.7 260.00
687.7 261.00
687.7 262.00
687.7 261.00
687.7 262.00
687.8 260.00
687.8 262.00
687.8 262.00
687.8 260.00
687.8 264.00
687.8 262.00
687.8 263.00
687.8 260.00
687.9 263.00
687.9 258.00
687.9 260.00
687.9 260.00
687.9 263.00
687.9 264.00
687.9 261.00
687.9 262.00
688.0 264.00
688.0 263.00
688.0 262.00
688.0 260.00
688.0 263.00
688.0 262.00
688.0 259.00
688.0 263.00
688.1 259.00
688.1 262.00
688.1 261.00
688.1 259.00
688.1 263.00
688.1 261.00
688.1 261.00
688.1 262.00
688.2 262.00
688.2 264.00
688.2 263.00
688.2 260.00
688.2 265.00
688.2 261.00
688.2 259.00
688.2 262.00
688.3 263.00
688.3 262.00
688.3 267.00
688.3 262.00
688.3 262.00
688.3 262.00
688.3 265.00
688.3 261.00
688.4 266.00
688.4 264.00
688.4 263.00
688.4 263.00
688.4 263.00
688.4 260.00
688.4 264.00
688.4 263.00
688.5 262.00
688.5 263.00
688.5 266.00
688.5 261.00
688.5 266.00
688.5 261.00
688.5 263.00
688.5 264.00
688.6 263.00
688.6 265.00
688.6 266.00
688.6 264.00
688.6 263.00
688.6 263.00
688.6 262.00
688.6 264.00
688.7 263.00
688.7 265.00
688.7 261.00
688.7 261.00
688.7 266.00
688.7 262.00
688.7 264.00
688.7 262.00
688.8 264.00
688.8 265.00
688.8 266.00
688.8 263.00
688.8 266.00
688.8 265.00
688.8 266.00
688.8 266.00
688.9 264.00
688.9 265.00
688.9 263.00
688.9 266.00
688.9 260.00
688.9 265.00
688.9 266.00
688.9 262.00
689.0 263.00
689.0 266.00
689.0 262.00
689.0 265.00
689.0 266.00
689.0 264.00
689.0 269.00
689.0 265.00
689.1 268.00
689.1 266.00
689.1 266.00
689.1 265.00
689.1 263.00
689.1 265.00
689.1 267.00
689.1 266.00
689.2 265.00
689.2 266.00
689.2 265.00
689.2 264.00
689.2 265.00
689.2 268.00
689.2 267.00
689.2 268.00
689.3 268.00
689.3 268.00
689.3 268.00
689.3 264.00
689.3 266.00
689.3 267.00
689.3 265.00
689.3 265.00
689.4 265.00
689.4 267.00
689.4 265.00
689.4 266.00
689.4 267.00
689.4 266.00
689.4 270.00
689.4 266.00
689.5 270.00
689.5 267.00
689.5 267.00
689.5 266.00
689.5 267.00
689.5 272.00
689.5 269.00
689.5 266.00
689.6 267.00
689.6 269.00
689.6 267.00
689.6 268.00
689.6 268.00
689.6 269.00
689.6 268.00
689.6 266.00
689.7 268.00
689.7 270.00
689.7 267.00
689.7 271.00
689.7 270.00
689.7 270.00
689.7 270.00
689.7 268.00
689.8 270.00
689.8 272.00
689.8 269.00
689.8 270.00
689.8 270.00
689.8 271.00
689.8 269.00
689.8 267.00
689.9 269.00
689.9 272.00
689.9 274.00
689.9 272.00
689.9 272.00
689.9 270.00
689.9 272.00
689.9 273.00
690.0 269.00
690.0 272.00
690.0 271.00
690.0 274.00
690.0 272.00
690.0 272.00
690.0 276.00
690.0 271.00
690.1 272.00
690.1 273.00
690.1 273.00
690.1 274.00
690.1 275.00
690.1 274.00
690.1 277.00
690.1 270.00
690.2 275.00
690.2 275.00
690.2 273.00
690.2 277.00
690.2 276.00
690.2 275.00
690.2 274.00
690.2 275.00
690.3 276.00
690.3 276.00
690.3 278.00
690.3 277.00
690.3 277.00
690.3 276.00
690.3 276.00
690.3 279.00
690.4 277.00
690.4 277.00
690.4 280.00
690.4 280.00
690.4 278.00
690.4 277.00
690.4 278.00
690.4 278.00
690.5 280.00
690.5 280.00
690.5 283.00
690.5 279.00
690.5 281.00
690.5 282.00
690.5 283.00
690.5 282.00
690.6 279.00
690.6 281.00
690.6 282.00
690.6 286.00
690.6 281.00
690.6 284.00
690.6 283.00
690.6 282.00
690.7 286.00
690.7 286.00
690.7 286.00
690.7 285.00
690.7 287.00
690.7 286.00
690.7 284.00
690.7 287.00
690.8 287.00
690.8 287.00
690.8 290.00
690.8 290.00
690.8 289.00
690.8 288.00
690.8 289.00
690.8 287.00
690.9 291.00
690.9 291.00
690.9 294.00
690.9 292.00
690.9 294.00
690.9 290.00
690.9 297.00
690.9 298.00
691.0 296.00
691.0 298.00
691.0 295.00
691.0 297.00
691.0 297.00
691.0 302.00
691.0 299.00
691.0 297.00
691.1 301.00
691.1 301.00
691.1 303.00
691.1 302.00
691.1 307.00
691.1 305.00
691.1 304.00
691.1 307.00
691.2 307.00
691.2 308.00
691.2 310.00
691.2 310.00
691.2 309.00
691.2 310.00
691.2 311.00
691.2 314.00
691.3 316.00
691.3 313.00
691.3 317.00
691.3 321.00
691.3 320.00
691.3 321.00
691.3 323.00
691.3 323.00
691.4 327.00
691.4 325.00
691.4 327.00
691.4 330.00
691.4 332.00
691.4 333.00
691.4 330.00
691.4 333.00
691.5 335.00
691.5 337.00
691.5 340.00
691.5 341.00
691.5 343.00
691.5 343.00
691.5 346.00
691.5 349.00
691.6 352.00
691.6 350.00
691.6 356.00
691.6 357.00
691.6 361.00
691.6 364.00
691.6 366.00
691.6 367.00
691.7 370.00
691.7 373.00
691.7 374.00
691.7 380.00
691.7 383.00
691.7 389.00
691.7 391.00
691.7 394.00
691.8 398.00
691.8 404.00
691.8 404.00
691.8 408.00
691.8 414.00
691.8 418.00
691.8 422.00
691.8 428.00
691.9 434.00
691.9 439.00
691.9 448.00
691.9 455.00
691.9 461.00
691.9 467.00
691.9 474.00
691.9 480.00
692.0 490.00
692.0 499.00
692.0 509.00
692.0 514.00
692.0 529.00
692.0 536.00
692.0 547.00
692.0 562.00
692.1 572.00
692.1 584.00
692.1 603.00
692.1 615.00
692.1 631.00
692.1 652.00
692.1 664.00
692.1 688.00
692.2 699.00
692.2 726.00
692.2 748.00
692.2 770.00
692.2 800.00
692.2 824.00
692.2 853.00
692.2 887.00
692.3 917.00
692.3 954.00
692.3 987.00
692.3 1027.0
692.3 1064.0
692.3 1113.0
692.3 1163.0
692.3 1205.0
692.4 1257.0
692.4 1317.0
692.4 1366.0
692.4 1428.0
692.4 1487.0
692.4 1537.0
692.4 1608.0
692.4 1661.0
692.5 1715.0
692.5 1777.0
692.5 1826.0
692.5 1890.0
692.5 1934.0
692.5 1992.0
692.5 2030.0
692.5 2063.0
692.6 2098.0
692.6 2119.0
692.6 2145.0
692.6 2158.0
692.6 2165.0
692.6 2167.0
692.6 2152.0
692.6 2127.0
692.7 2113.0
692.7 2076.0
692.7 2041.0
692.7 2003.0
692.7 1957.0
692.7 1906.0
692.7 1854.0
692.7 1802.0
692.8 1751.0
692.8 1691.0
692.8 1640.0
692.8 1589.0
692.8 1530.0
692.8 1477.0
692.8 1429.0
692.8 1378.0
692.9 1334.0
692.9 1284.0
692.9 1242.0
692.9 1201.0
692.9 1164.0
692.9 1126.0
692.9 1094.0
692.9 1065.0
693.0 1035.0
693.0 1008.0
693.0 985.00
693.0 963.00
693.0 941.00
693.0 921.00
693.0 908.00
693.0 888.00
693.1 876.00
693.1 861.00
693.1 849.00
693.1 843.00
693.1 831.00
693.1 817.00
693.1 817.00
693.1 805.00
693.2 800.00
693.2 795.00
693.2 792.00
693.2 786.00
693.2 788.00
693.2 789.00
693.2 793.00
693.2 786.00
693.3 789.00
693.3 793.00
693.3 791.00
693.3 803.00
693.3 803.00
693.3 811.00
693.3 815.00
693.3 826.00
693.4 830.00
693.4 845.00
693.4 844.00
693.4 862.00
693.4 872.00
693.4 889.00
693.4 901.00
693.4 913.00
693.5 930.00
693.5 950.00
693.5 967.00
693.5 988.00
693.5 1015.0
693.5 1040.0
693.5 1061.0
693.5 1085.0
693.6 1113.0
693.6 1145.0
693.6 1174.0
693.6 1210.0
693.6 1245.0
693.6 1286.0
693.6 1324.0
693.6 1365.0
693.7 1397.0
693.7 1444.0
693.7 1497.0
693.7 1553.0
693.7 1595.0
693.7 1647.0
693.7 1703.0
693.7 1768.0
693.8 1820.0
693.8 1884.0
693.8 1943.0
693.8 2008.0
693.8 2070.0
693.8 2144.0
693.8 2208.0
693.8 2270.0
693.9 2335.0
693.9 2393.0
693.9 2452.0
693.9 2504.0
693.9 2556.0
693.9 2613.0
693.9 2640.0
693.9 2684.0
694.0 2711.0
694.0 2751.0
694.0 2767.0
694.0 2784.0
694.0 2780.0
694.0 2797.0
694.0 2783.0
694.0 2784.0
694.1 2763.0
694.1 2734.0
694.1 2704.0
694.1 2675.0
694.1 2629.0
694.1 2578.0
694.1 2531.0
694.1 2495.0
694.2 2438.0
694.2 2370.0
694.2 2318.0
694.2 2257.0
694.2 2193.0
694.2 2128.0
694.2 2075.0
694.2 2023.0
694.3 1958.0
694.3 1886.0
694.3 1840.0
694.3 1784.0
694.3 1722.0
694.3 1662.0
694.3 1612.0
694.3 1559.0
694.4 1512.0
694.4 1466.0
694.4 1424.0
694.4 1375.0
694.4 1335.0
694.4 1291.0
694.4 1257.0
694.4 1222.0
694.5 1190.0
694.5 1151.0
694.5 1124.0
694.5 1101.0
694.5 1063.0
694.5 1041.0
694.5 1016.0
694.5 989.00
694.6 963.00
694.6 942.00
694.6 921.00
694.6 902.00
694.6 882.00
694.6 854.00
694.6 835.00
694.6 822.00
694.7 804.00
694.7 787.00
694.7 774.00
694.7 755.00
694.7 744.00
694.7 731.00
694.7 720.00
694.7 702.00
694.8 690.00
694.8 681.00
694.8 672.00
694.8 660.00
694.8 651.00
694.8 640.00
694.8 630.00
694.8 622.00
694.9 619.00
694.9 608.00
694.9 594.00
694.9 581.00
694.9 579.00
694.9 572.00
694.9 563.00
694.9 559.00
695.0 544.00
695.0 541.00
695.0 542.00
695.0 533.00
695.0 523.00
695.0 522.00
695.0 514.00
695.0 508.00
695.1 508.00
695.1 496.00
695.1 498.00
695.1 493.00
695.1 488.00
695.1 485.00
695.1 478.00
695.1 477.00
695.2 472.00
695.2 467.00
695.2 460.00
695.2 458.00
695.2 454.00
695.2 450.00
695.2 448.00
695.2 442.00
695.3 440.00
695.3 440.00
695.3 435.00
695.3 430.00
695.3 428.00
695.3 423.00
695.3 427.00
695.3 419.00
695.4 418.00
695.4 416.00
695.4 412.00
695.4 409.00
695.4 408.00
695.4 406.00
695.4 399.00
695.4 400.00
695.5 398.00
695.5 392.00
695.5 393.00
695.5 394.00
695.5 390.00
695.5 389.00
695.5 385.00
695.5 382.00
695.6 385.00
695.6 380.00
695.6 377.00
695.6 375.00
695.6 375.00
695.6 376.00
695.6 373.00
695.6 368.00
695.7 367.00
695.7 366.00
695.7 366.00
695.7 361.00
695.7 361.00
695.7 360.00
695.7 359.00
695.7 356.00
695.8 356.00
695.8 358.00
695.8 352.00
695.8 350.00
695.8 351.00
695.8 348.00
695.8 350.00
695.8 349.00
695.9 345.00
695.9 346.00
695.9 345.00
695.9 346.00
695.9 342.00
695.9 341.00
695.9 342.00
695.9 342.00
696.0 340.00
696.0 337.00
696.0 340.00
696.0 337.00
696.0 338.00
696.0 340.00
696.0 332.00
696.0 333.00
696.1 331.00
696.1 332.00
696.1 328.00
696.1 328.00
696.1 328.00
696.1 328.00
696.1 324.00
696.1 325.00
696.2 329.00
696.2 325.00
696.2 322.00
696.2 323.00
696.2 322.00
696.2 321.00
696.2 322.00
696.2 320.00
696.3 320.00
696.3 317.00
696.3 319.00
696.3 315.00
696.3 319.00
696.3 316.00
696.3 316.00
696.3 315.00
696.4 317.00
696.4 312.00
696.4 316.00
696.4 315.00
696.4 315.00
696.4 311.00
696.4 311.00
696.4 310.00
696.5 312.00
696.5 309.00
696.5 308.00
696.5 308.00
696.5 308.00
696.5 305.00
696.5 305.00
696.5 309.00
696.6 305.00
696.6 305.00
696.6 307.00
696.6 302.00
696.6 305.00
696.6 301.00
696.6 303.00
696.6 303.00
696.7 301.00
696.7 303.00
696.7 301.00
696.7 302.00
696.7 300.00
696.7 299.00
696.7 303.00
696.7 301.00
696.8 302.00
696.8 298.00
696.8 296.00
696.8 300.00
696.8 299.00
696.8 298.00
696.8 298.00
696.8 298.00
696.9 296.00
696.9 297.00
696.9 297.00
696.9 296.00
696.9 297.00
696.9 300.00
696.9 296.00
696.9 293.00
697.0 295.00
697.0 294.00
697.0 296.00
697.0 293.00
697.0 295.00
697.0 294.00
697.0 293.00
697.0 292.00
697.1 294.00
697.1 290.00
697.1 291.00
697.1 291.00
697.1 291.00
697.1 293.00
697.1 292.00
697.1 290.00
697.2 287.00
697.2 292.00
697.2 291.00
697.2 290.00
697.2 290.00
697.2 289.00
697.2 291.00
697.2 287.00
697.3 285.00
697.3 290.00
697.3 287.00
697.3 287.00
697.3 286.00
697.3 285.00
697.3 285.00
697.3 286.00
697.4 286.00
697.4 287.00
697.4 283.00
697.4 285.00
697.4 287.00
697.4 288.00
697.4 284.00
697.4 286.00
697.5 285.00
697.5 284.00
697.5 284.00
697.5 284.00
697.5 284.00
697.5 283.00
697.5 285.00
697.5 284.00
697.6 282.00
697.6 281.00
697.6 281.00
697.6 281.00
697.6 282.00
697.6 284.00
697.6 280.00
697.6 283.00
697.7 281.00
697.7 280.00
697.7 280.00
697.7 281.00
697.7 282.00
697.7 282.00
697.7 282.00
697.7 282.00
697.8 280.00
697.8 282.00
697.8 279.00
697.8 283.00
697.8 281.00
697.8 280.00
697.8 277.00
697.8 278.00
697.9 279.00
697.9 277.00
697.9 279.00
697.9 280.00
697.9 278.00
697.9 278.00
697.9 279.00
697.9 276.00
698.0 277.00
698.0 277.00
698.0 274.00
698.0 279.00
698.0 279.00
698.0 276.00
698.0 280.00
698.0 279.00
698.1 276.00
698.1 278.00
698.1 277.00
698.1 278.00
698.1 279.00
698.1 273.00
698.1 275.00
698.1 275.00
698.2 276.00
698.2 273.00
698.2 277.00
698.2 276.00
698.2 275.00
698.2 275.00
698.2 277.00
698.2 275.00
698.3 274.00
698.3 275.00
698.3 278.00
698.3 274.00
698.3 274.00
698.3 274.00
698.3 275.00
698.3 275.00
698.4 275.00
698.4 273.00
698.4 273.00
698.4 274.00
698.4 273.00
698.4 272.00
698.4 276.00
698.4 274.00
698.5 273.00
698.5 274.00
698.5 274.00
698.5 274.00
698.5 272.00
698.5 273.00
698.5 273.00
698.5 274.00
698.6 275.00
698.6 274.00
698.6 273.00
698.6 274.00
698.6 273.00
698.6 271.00
698.6 275.00
698.6 271.00
698.7 275.00
698.7 272.00
698.7 270.00
698.7 272.00
698.7 271.00
698.7 277.00
698.7 269.00
698.7 269.00
698.8 272.00
698.8 273.00
698.8 273.00
698.8 270.00
698.8 271.00
698.8 272.00
698.8 272.00
698.8 270.00
698.9 272.00
698.9 270.00
698.9 275.00
698.9 273.00
698.9 271.00
698.9 270.00
698.9 270.00
698.9 271.00
699.0 268.00
699.0 271.00
699.0 270.00
699.0 271.00
699.0 272.00
699.0 270.00
699.0 274.00
699.0 272.00
699.1 271.00
699.1 273.00
699.1 274.00
699.1 271.00
699.1 271.00
699.1 269.00
699.1 269.00
699.1 271.00
699.2 270.00
699.2 271.00
699.2 271.00
699.2 271.00
699.2 271.00
699.2 270.00
699.2 269.00
699.2 271.00
699.3 274.00
699.3 273.00
699.3 270.00
699.3 270.00
699.3 270.00
699.3 269.00
699.3 273.00
699.3 269.00
699.4 270.00
699.4 270.00
699.4 270.00
699.4 269.00
699.4 268.00
699.4 271.00
699.4 272.00
699.4 268.00
699.5 271.00
699.5 267.00
699.5 269.00
699.5 262.00
699.5 261.00
699.5 259.00
699.5 258.00
699.5 258.00
699.6 257.00
699.6 261.00
699.6 263.00
699.6 267.00
699.6 267.00
699.6 268.00
699.6 270.00
699.6 268.00
699.7 267.00
699.7 268.00
699.7 271.00
699.7 268.00
699.7 266.00
699.7 263.00
699.7 259.00
699.7 256.00
699.8 251.00
699.8 249.00
699.8 243.00
699.8 248.00
699.8 250.00
699.8 250.00
699.8 253.00
699.8 256.00
699.9 258.00
699.9 256.00
699.9 256.00
699.9 256.00
699.9 253.00
699.9 254.00
699.9 261.00
699.9 262.00
700.0 264.00
700.0 0.000
700.0 0.000
700.0 0.000
700.0 0.000
700.0 0.000
700.0 0.000
700.0 0.000
700.1 0.000
700.1 0.000
700.1 0.000
700.1 0.000
700.1 0.000
700.1 0.000
700.1 0.000
700.1 0.000
700.2 0.000
700.2 0.000
700.2 0.000
700.2 0.000
700.2 0.000
700.2 0.000
700.2 0.000
700.2 0.000
700.3 0.000
700.3 0.000
700.3 0.000
700.3 0.000
700.3 0.000
700.3 0.000
700.3 0.000
700.3 0.000
700.4 0.000
700.4 0.000
700.4 0.000
700.4 0.000
700.4 0.000
700.4 0.000
700.4 0.000
700.4 0.000
700.5 0.000
700.5 0.000
700.5 0.000
700.5 0.000
700.5 0.000
700.5 0.000
700.5 0.000
700.5 0.000
700.6 0.000
700.6 0.000
700.6 0.000
